Wyniki eksperymentu.

wzrosty liniowe

Shell Sort dla danych: Losowe
n	Sredni Czas [s]	Odchylenie Std.
1000	0.00000000	0.00000000
2000	0.00158306	0.00420174
3000	0.00160548	0.00481644
4000	0.00161203	0.00483609
5000	0.00307759	0.00530982
6000	0.00259740	0.00271973
7000	0.00318531	0.00637072
8000	0.00317657	0.00635367
9000	0.00475493	0.00744631
10000	0.00478484	0.00730968

Shell Sort dla danych: Rosnace
n	Sredni Czas [s]	Odchylenie Std.
1000	0.00000000	0.00000000
2000	0.00000000	0.00000000
3000	0.00061018	0.00074734
4000	0.00057562	0.00088190
5000	0.00116898	0.00350694
6000	0.00078196	0.00177657
7000	0.00000000	0.00000000
8000	0.00161433	0.00484299
9000	0.00000000	0.00000000
10000	0.00261208	0.00459334

Shell Sort dla danych: Malejace
n	Sredni Czas [s]	Odchylenie Std.
1000	0.00000000	0.00000000
2000	0.00157186	0.00471558
3000	0.00000000	0.00000000
4000	0.00020081	0.00060243
5000	0.00000000	0.00000000
6000	0.00030982	0.00061964
7000	0.00000000	0.00000000
8000	0.00000000	0.00000000
9000	0.00160152	0.00480456
10000	0.00060309	0.00092124

Shell Sort dla danych: A-ksztaltne
n	Sredni Czas [s]	Odchylenie Std.
1000	0.00000000	0.00000000
2000	0.00037559	0.00075349
3000	0.00051377	0.00087709
4000	0.00145590	0.00288694
5000	0.00082012	0.00137236
6000	0.00053484	0.00111020
7000	0.00134842	0.00404526
8000	0.00174655	0.00403044
9000	0.00158838	0.00476514
10000	0.00000000	0.00000000

Shell Sort dla danych: V-ksztaltne
n	Sredni Czas [s]	Odchylenie Std.
1000	0.00000000	0.00000000
2000	0.00025963	0.00053285
3000	0.00035426	0.00071613
4000	0.00105955	0.00200476
5000	0.00156980	0.00346168
6000	0.00020091	0.00060273
7000	0.00017398	0.00052194
8000	0.00000000	0.00000000
9000	0.00159743	0.00479229
10000	0.00161118	0.00483354

Heap Sort dla danych: Losowe
n	Sredni Czas [s]	Odchylenie Std.
1000	0.00000000	0.00000000
2000	0.00000000	0.00000000
3000	0.00156781	0.00470343
4000	0.00317971	0.00636028
5000	0.00414756	0.00517664
6000	0.00223604	0.00221302
7000	0.00497215	0.00639163
8000	0.00595694	0.00743681
9000	0.00616496	0.00558289
10000	0.00642851	0.00823869

Heap Sort dla danych: Rosnace
n	Sredni Czas [s]	Odchylenie Std.
1000	0.00000000	0.00000000
2000	0.00000000	0.00000000
3000	0.00000000	0.00000000
4000	0.00158261	0.00474783
5000	0.00158191	0.00474573
6000	0.00321919	0.00643838
7000	0.00318153	0.00636326
8000	0.00800236	0.00800323
9000	0.00483477	0.00614253
10000	0.00359569	0.00623718

Heap Sort dla danych: Malejace
n	Sredni Czas [s]	Odchylenie Std.
1000	0.00156768	0.00470304
2000	0.00161402	0.00484206
3000	0.00257403	0.00458839
4000	0.00322333	0.00644666
5000	0.00319210	0.00638469
6000	0.00298085	0.00598254
7000	0.00321198	0.00642399
8000	0.00634930	0.00715077
9000	0.00474784	0.00725282
10000	0.00481287	0.00735189

Heap Sort dla danych: A-ksztaltne
n	Sredni Czas [s]	Odchylenie Std.
1000	0.00000000	0.00000000
2000	0.00156920	0.00470760
3000	0.00000000	0.00000000
4000	0.00160792	0.00482376
5000	0.00113407	0.00161096
6000	0.00289243	0.00582472
7000	0.00318508	0.00637029
8000	0.00797767	0.00797797
9000	0.00478440	0.00730897
10000	0.00573873	0.00690678

Heap Sort dla danych: V-ksztaltne
n	Sredni Czas [s]	Odchylenie Std.
1000	0.00000000	0.00000000
2000	0.00000000	0.00000000
3000	0.00060167	0.00091907
4000	0.00417778	0.00604762
5000	0.00322057	0.00644116
6000	0.00358917	0.00592924
7000	0.00457768	0.00701273
8000	0.00025593	0.00076779
9000	0.00336995	0.00626340
10000	0.00650438	0.00762781

Quick Sort Iteracyjny dla danych: Losowe
n	Sredni Czas [s]	Odchylenie Std.
1000	0.00000000	0.00000000
2000	0.00160930	0.00482790
3000	0.00019407	0.00058221
4000	0.00140695	0.00422085
5000	0.00313355	0.00626967
6000	0.00316810	0.00633686
7000	0.00345400	0.00627697
8000	0.00294923	0.00472011
9000	0.00468277	0.00723881
10000	0.00440715	0.00682165

Quick Sort Iteracyjny dla danych: Rosnace
n	Sredni Czas [s]	Odchylenie Std.
1000	0.00619262	0.00634570
2000	0.02647502	0.00675881
3000	0.05393260	0.00710418
4000	0.09925087	0.00834472
5000	0.15249095	0.00928675
6000	0.21390848	0.00672415
7000	0.29249211	0.01444477
8000	0.37087131	0.00626241
9000	0.45766679	0.00994042
10000	0.56623365	0.01677031

Quick Sort Iteracyjny dla danych: Malejace
n	Sredni Czas [s]	Odchylenie Std.
1000	0.00376982	0.00136438
2000	0.00892161	0.00742618
3000	0.02291056	0.00739559
4000	0.04222612	0.00772857
5000	0.06160400	0.01003417
6000	0.08836348	0.00844343
7000	0.11533312	0.00651352
8000	0.14834591	0.00403870
9000	0.18188914	0.00838785
10000	0.22131882	0.00728552

Quick Sort Iteracyjny dla danych: A-ksztaltne
n	Sredni Czas [s]	Odchylenie Std.
1000	0.00574657	0.00390438
2000	0.02223593	0.00778556
3000	0.04747036	0.00425659
4000	0.08203185	0.00677266
5000	0.13120040	0.00548859
6000	0.18783594	0.00459576
7000	0.25065020	0.01063805
8000	0.33159368	0.00402735
9000	0.41261493	0.00882501
10000	0.51389976	0.01088231

Quick Sort Iteracyjny dla danych: V-ksztaltne
n	Sredni Czas [s]	Odchylenie Std.
1000	0.00158521	0.00169983
2000	0.00777938	0.00784139
3000	0.00960268	0.00784131
4000	0.02381656	0.00783583
5000	0.03097218	0.00953112
6000	0.04352888	0.01037698
7000	0.05053252	0.01080609
8000	0.09602693	0.01436163
9000	0.10891557	0.02314627
10000	0.12020702	0.01212873

Merge Sort dla: Losowe
n       Sredni Czas [s] Odchylenie
1000    0.00000000      0.00000000
2000    0.00164502      0.00493506
3000    0.00000000      0.00000000
4000    0.00161387      0.00484161
5000    0.00157015      0.00471045
6000    0.00159955      0.00479865
7000    0.00314858      0.00629728
8000    0.00337488      0.00627613
9000    0.00365617      0.00260991
10000   0.00298152      0.00332152

Merge Sort dla: Rosnace
n       Sredni Czas [s] Odchylenie
1000    0.00000000      0.00000000
2000    0.00000000      0.00000000
3000    0.00158525      0.00475575
4000    0.00157274      0.00471822
5000    0.00156853      0.00470559
6000    0.00156890      0.00470670
7000    0.00161328      0.00483984
8000    0.00000000      0.00000000
9000    0.00315191      0.00630387
10000   0.00319193      0.00638409

Merge Sort dla: Malejace
n       Sredni Czas [s] Odchylenie
1000    0.00159094      0.00477282
2000    0.00000000      0.00000000
3000    0.00000000      0.00000000
4000    0.00157451      0.00472353
5000    0.00161359      0.00484077
6000    0.00316549      0.00633118
7000    0.00160175      0.00480525
8000    0.00481194      0.00735042
9000    0.00319424      0.00638853
10000   0.00156572      0.00469716

Merge Sort dla: A-ksztaltne
n       Sredni Czas [s] Odchylenie
1000    0.00000000      0.00000000
2000    0.00000000      0.00000000
3000    0.00000000      0.00000000
4000    0.00156547      0.00469641
5000    0.00159279      0.00477837
6000    0.00156458      0.00469374
7000    0.00158733      0.00476199
8000    0.00000000      0.00000000
9000    0.00319808      0.00639624
10000   0.00000000      0.00000000

Merge Sort dla: V-ksztaltne
n       Sredni Czas [s] Odchylenie
1000    0.00000000      0.00000000
2000    0.00000000      0.00000000
3000    0.00000000      0.00000000
4000    0.00161056      0.00483168
5000    0.00160954      0.00482862
6000    0.00120895      0.00362685
7000    0.00160708      0.00482124
8000    0.00473458      0.00723250
9000    0.00159932      0.00479796
10000   0.00000000      0.00000000

Quick Sort Rekurencyjny dla: Losowe
n       Sredni Czas [s] Odchylenie
1000    0.00000000      0.00000000
2000    0.00000000      0.00000000
3000    0.00000000      0.00000000
4000    0.00157675      0.00473025
5000    0.00000000      0.00000000
6000    0.00179002      0.00467937
7000    0.00000000      0.00000000
8000    0.00000000      0.00000000
9000    0.00156512      0.00469536
10000   0.00161227      0.00483681

Quick Sort Rekurencyjny dla: Rosnace
n       Sredni Czas [s] Odchylenie
1000    0.00159422      0.00478266
2000    0.00317830      0.00635700
3000    0.01103797      0.00722655
4000    0.01749099      0.00471862
5000    0.02681717      0.00721433
6000    0.03949197      0.00798190
7000    0.05060353      0.00625223
8000    0.06616578      0.00630052
9000    0.08355782      0.00715776
10000   0.10099266      0.00762892

Quick Sort Rekurencyjny dla: Malejace
n       Sredni Czas [s] Odchylenie
1000    0.00000000      0.00000000
2000    0.00317085      0.00634209
3000    0.00953489      0.00778629
4000    0.01738868      0.00469333
5000    0.02525329      0.00776379
6000    0.03950774      0.00699587
7000    0.05081624      0.00635717
8000    0.06939142      0.00709556
9000    0.08694960      0.00755771
10000   0.10731682      0.00635188

Quick Sort Rekurencyjny dla: A-ksztaltne
n       Sredni Czas [s] Odchylenie
1000    0.00000000      0.00000000
2000    0.00156527      0.00469581
3000    0.00000000      0.00000000
4000    0.00000000      0.00000000
5000    0.00000000      0.00000000
6000    0.00159816      0.00479448
7000    0.00161165      0.00483495
8000    0.00000000      0.00000000
9000    0.00000000      0.00000000
10000   0.00160036      0.00480108

Quick Sort Rekurencyjny dla: V-ksztaltne
n       Sredni Czas [s] Odchylenie
1000    0.00000000      0.00000000
2000    0.00000000      0.00000000
3000    0.00000000      0.00000000
4000    0.00157644      0.00472932
5000    0.00000000      0.00000000
6000    0.00000000      0.00000000
7000    0.00161482      0.00484446
8000    0.00000000      0.00000000
9000    0.00319549      0.00639136
10000   0.00158045      0.00474135

wzrost wykładniczy

Shell Sort dla danych: Losowe
n	Sredni Czas [s]	Odchylenie Std.
1000	0.00020076	0.00060228
2000	0.00070183	0.00110302
4000	0.00140060	0.00420180
8000	0.00478972	0.00731645
16000	0.00788610	0.00788629
32000	0.01745259	0.00492872
64000	0.04151335	0.00734400

Shell Sort dla danych: Rosnace
n	Sredni Czas [s]	Odchylenie Std.
1000	0.00020074	0.00060222
2000	0.00072796	0.00218388
4000	0.00040128	0.00080256
8000	0.00159185	0.00352830
16000	0.00000000	0.00000000
32000	0.00584250	0.00657942
64000	0.01466472	0.00190527

Shell Sort dla danych: Malejace
n	Sredni Czas [s]	Odchylenie Std.
1000	0.00043064	0.00129192
2000	0.00000000	0.00000000
4000	0.00019288	0.00057864
8000	0.00040103	0.00080206
16000	0.00000000	0.00000000
32000	0.00434702	0.00600011
64000	0.00940995	0.00598668

Shell Sort dla danych: A-ksztaltne
n	Sredni Czas [s]	Odchylenie Std.
1000	0.00000000	0.00000000
2000	0.00020064	0.00060192
4000	0.00077610	0.00095323
8000	0.00435733	0.00672245
16000	0.00278665	0.00287030
32000	0.00786495	0.00786513
64000	0.01323638	0.00555844

Shell Sort dla danych: V-ksztaltne
n	Sredni Czas [s]	Odchylenie Std.
1000	0.00000000	0.00000000
2000	0.00000000	0.00000000
4000	0.00000000	0.00000000
8000	0.00000000	0.00000000
16000	0.00321204	0.00642409
32000	0.00737836	0.00595947
64000	0.01243365	0.00645503

Heap Sort dla danych: Losowe
n	Sredni Czas [s]	Odchylenie Std.
1000	0.00160556	0.00481668
2000	0.00000000	0.00000000
4000	0.00393348	0.00481657
8000	0.00473475	0.00255577
16000	0.01108048	0.00730797
32000	0.02340539	0.00691585
64000	0.04671547	0.00603076

Heap Sort dla danych: Rosnace
n	Sredni Czas [s]	Odchylenie Std.
1000	0.00139591	0.00418773
2000	0.00157266	0.00471798
4000	0.00157312	0.00471936
8000	0.00518664	0.00718931
16000	0.00811482	0.00779005
32000	0.01892323	0.00685556
64000	0.04281955	0.00579647

Heap Sort dla danych: Malejace
n	Sredni Czas [s]	Odchylenie Std.
1000	0.00000000	0.00000000
2000	0.00096268	0.00158363
4000	0.00372656	0.00483305
8000	0.00320166	0.00640350
16000	0.01153127	0.00617108
32000	0.02041162	0.00810003
64000	0.03924467	0.00773813

Heap Sort dla danych: A-ksztaltne
n	Sredni Czas [s]	Odchylenie Std.
1000	0.00000000	0.00000000
2000	0.00020082	0.00060246
4000	0.00175609	0.00140660
8000	0.00317570	0.00635179
16000	0.01604059	0.00361547
32000	0.01895362	0.00772014
64000	0.04162922	0.00709924

Heap Sort dla danych: V-ksztaltne
n	Sredni Czas [s]	Odchylenie Std.
1000	0.00020054	0.00060162
2000	0.00059336	0.00130668
4000	0.00282609	0.00459281
8000	0.00708286	0.00599270
16000	0.00958069	0.00782346
32000	0.02250569	0.00711857
64000	0.03985343	0.00796684

Quick Sort Iteracyjny dla danych: Losowe
n	Sredni Czas [s]	Odchylenie Std.
1000	0.00161289	0.00483867
2000	0.00040165	0.00080330
4000	0.00158629	0.00412877
8000	0.00476361	0.00645446
16000	0.00790289	0.00790310
32000	0.01430054	0.00486128
64000	0.03095920	0.00423941

Quick Sort Iteracyjny dla danych: Rosnace
n	Sredni Czas [s]	Odchylenie Std.
1000	0.00786923	0.00751327
2000	0.02675421	0.00721322
4000	0.09808743	0.00610266
8000	0.36880706	0.01156294
16000	1.34878679	0.01769730
32000	4.71932445	0.06616304
64000	16.12595972	0.08317215

Quick Sort Iteracyjny dla danych: Malejace
n	Sredni Czas [s]	Odchylenie Std.
1000	0.00193939	0.00187879
2000	0.00982510	0.00690616
4000	0.04067291	0.00796950
8000	0.14766019	0.00628017
16000	0.53436536	0.01745322
32000	1.69891248	0.00943897
64000	4.65577061	0.04653711

Quick Sort Iteracyjny dla danych: A-ksztaltne
n	Sredni Czas [s]	Odchylenie Std.
1000	0.00313688	0.00627376
2000	0.02201051	0.00770765
4000	0.08210162	0.00615842
8000	0.32855175	0.01001427
16000	1.30995645	0.01380854
32000	5.29325019	0.07741960
64000	21.26166306	0.27552925

Quick Sort Iteracyjny dla danych: V-ksztaltne
n	Sredni Czas [s]	Odchylenie Std.
1000	0.00156799	0.00470397
2000	0.00785488	0.00785489
4000	0.02512536	0.00768996
8000	0.08192810	0.01834479
16000	0.32380492	0.05246604
32000	1.33836755	0.26552748
64000	4.59889893	0.65062504
